1002
0b00
1005
0001
3150
1007
00c8
1000
0801
2001
1004
0001
7463
4006
1000
0800
2001
7ead
a00f
3190
1000
0901
2001
1004
0001
7463
4fec
1000
0900
2001
716d
a002
3190
5fe5
8080
80c0
8100
1003
000d
1006
0000
1004
0001
7ba6
7b1c
7564
4003
1004
0001
77a6
7e5b
403c
1004
000f
7534
1002
000c
7512
4007
1002
000b
7512
4003
1002
0003
7196
1004
00f0
7534
1002
00c0
7512
4007
1002
00b0
7512
4003
1002
0030
7196
1004
0f00
7534
1002
0c00
7512
4007
1002
0b00
7512
4003
1002
0300
7196
1004
f000
7534
1002
c000
7512
4007
1002
b000
7512
4003
1002
3000
7196
1002
0001
72d3
5fb9
9004
9003
9002
b000