v2.0 raw
1007
0700
1000
07f0
1001
0065
3040
1000
07f1
1001
0081
3040
c000
1001
0000
a090
7e71
1002
0143
2012
2012
7e52
400c
8140
7e75
a0d3
1002
0140
2012
3190
1002
0144
2012
3190
9005
1002
000c
78aa
4029
7e6a
a077
1003
000f
789b
400c
1003
000e
789b
4006
1003
000d
789b
4000
a0a2
5004
7271
5002
7071
5000
1002
0143
2012
2012
7e52
4fe2
1002
0140
2012
8140
8180
7e4d
a0a5
3190
1002
0144
2012
3190
9006
9005
5fd3
1002
0143
2012
2012
7e52
400e
1002
0140
2012
8140
8180
7e4d
a090
3190
1002
0144
2012
3190
9006
9005
5fa8
8080
80c0
1003
0142
201b
201b
7e58
1002
0143
2012
2012
7e52
4001
500a
1002
0140
2012
8140
8180
7e45
a073
3190
9006
9005
9003
9002
c000
e000
8080
1002
0143
2012
2012
7e52
400b
1002
0140
2012
80c0
1003
0144
201b
201b
30d0
9003
500a
1002
0140
2012
8140
8180
7e45
a053
3190
9006
9005
9002
c000
e000
8080
80c0
8100
1005
013f
202d
1002
0001
7155
1006
0000
202a
7e52
4ffd
1003
0001
735d
202a
1003
0008
749b
4005
1003
0006
749b
4001
5018
1003
0003
8140
7b9d
1003
0001
7b9c
7166
7196
7e75
8180
a026
1005
0140
202d
31a8
1005
0144
202d
31a8
9006
9005
715d
5fd8
7e55
9004
9003
9002
b000
8080
80c0
7e4b
1002
0000
7e51
1002
0001
7e76
4001
5003
1001
0000
5004
7059
7396
4001
5ffc
9003
9002
b000
8080
80c0
8100
1003
000d
1006
0000
1004
0001
7ba6
7b1c
7564
4003
1004
0001
77a6
7e5b
403c
1004
000f
7534
1002
000c
7512
4007
1002
000b
7512
4003
1002
0003
7196
1004
00f0
7534
1002
00c0
7512
4007
1002
00b0
7512
4003
1002
0030
7196
1004
0f00
7534
1002
0c00
7512
4007
1002
0b00
7512
4003
1002
0300
7196
1004
f000
7534
1002
c000
7512
4007
1002
b000
7512
4003
1002
3000
7196
1002
0001
72d3
5fb9
9004
9003
9002
b000
0f00
0e00
0d00
0c00
0b00
0a00
